damaged = [ 0     0     0     0     0     0;
    60    60    60    60    60    60;
    30    30    30    30    30    30;
     0     0    30     0     0    30;
    60    60    60    60    60    60;
    30    30    45    30    30    45;
     0     0    30     0   -30    30;
    60    60    37    60    14    60;
    30    30    45    30    60    45;
     0   -30    30   -30   -30    30;
    60    14    37    37    30    37;
    30    60    45    45    60    45;
     0   -30     0   -30    30    30;
    60    90    60    37    60    37;
    30    30    30    45    45    45;
     0   -30   -30   -30    30    30;
    60    90    14    37    60    37;
    30    30    60    45    30    45;
     0    30   -30   -30     0    30;
    60    90    14    60    60    37;
    30    30    60    45    30    45;
     0    30   -30    30   -30     0;
    60    37    30    30    37    37;
    30    45    60    60    45    45;
     0     0    30    30   -30     0;
    60    37    30    30    37    37;
    30    45    60    60    45    45;
     0   -30    30    30   -30    30;
    60    37    30    14    60    30;
    30    45    60    60    45    60;
     0   -30    30     0   -30    30;
    60    30    60    60    60    14;
    30    60    30    30    45    60;
     0   -30    30     0   -30     0;
    60    30    60    60    60    37;
    30    60    30    30    45    45];


damaged =[